iplasma.py Copyright (C) 2015-2022 Harold Grovesteen

IPL program - list-directed load: ldipl/pgm3.txt
    PSW    None
    ASA   000000  ASAREGN.bin   Length: 512 (0x200)
    Load  000300  IPLPGM3.bin   Length: 272 (0x110)
iplasma.py - IPL HWM:  00040F
iplasma.py - Used HWM: 000410
iplasma.py - IPL PSW: 0008000000000300
Volume:  TYPE=3310 SECTORS=125664 LFS=False
Host:    FILE=64339968 (61.3MB)
Block:   LENGTH=0 SECTORS=0 BLOCKS=None
FBA DASD Map:
    IPL0: 0-0
    VOLLBL: 1-1
    ASA: 2-2
    IPLPGM3.bin: 3-3
3310 IPL: LDIPL
iplasma.py - IPL Record 1:
    000628  43000648 40000008 42000300 40000200
    000638  43000650 40000008 42000000 00000200
    000648  06000001 00000003 06000001 00000002
iplasma.py - IPL Record 0 - CCWs:
    000008  02000610 40000200 08000628 00000001
iplasma.py - IPL Record 0:
    000000  00080000 00000300 02000610 40000200
    000010  08000628 00000001
Memory Map:
    ASA: 000000-0001FF
    IPL0: 000000-000017
    CCW0: 000008-000017
    IPLPGM3.bin: 000300-00040F
    IPL1: 000628-000657
LOD1 IPL Record 4 not created
iplasma.py - emulated medium pgm3.3310 created with file size: 2048
FBA sector 0
   000000  00080000 00000300 02000610 40000200
   000010  08000628 00000001 43000648 40000008
   000020  42000300 40000200 43000650 40000008
   000030  42000000 00000200 06000001 00000003
   000040  06000001 00000002 00000000 00000000
   000050  00000000 00000000 00000000 00000000
   000060  00000000 00000000 00000000 00000000
   000070  00000000 00000000 00000000 00000000
   000080  00000000 00000000 00000000 00000000
   000090  00000000 00000000 00000000 00000000
   0000A0  00000000 00000000 00000000 00000000
   0000B0  00000000 00000000 00000000 00000000
   0000C0  00000000 00000000 00000000 00000000
   0000D0  00000000 00000000 00000000 00000000
   0000E0  00000000 00000000 00000000 00000000
   0000F0  00000000 00000000 00000000 00000000
   000100  00000000 00000000 00000000 00000000
   000110  00000000 00000000 00000000 00000000
   000120  00000000 00000000 00000000 00000000
   000130  00000000 00000000 00000000 00000000
   000140  00000000 00000000 00000000 00000000
   000150  00000000 00000000 00000000 00000000
   000160  00000000 00000000 00000000 00000000
   000170  00000000 00000000 00000000 00000000
   000180  00000000 00000000 00000000 00000000
   000190  00000000 00000000 00000000 00000000
   0001A0  00000000 00000000 00000000 00000000
   0001B0  00000000 00000000 00000000 00000000
   0001C0  00000000 00000000 00000000 00000000
   0001D0  00000000 00000000 00000000 00000000
   0001E0  00000000 00000000 00000000 00000000
   0001F0  00000000 00000000 00000000 00000000
FBA sector 2
   000000  00080000 00000300 00000000 00000000
   000010  00000000 00000000 00000000 00000000
   000020  00000000 00000000 00000000 00000000
   000030  00000000 00000000 00000000 00000000
   000040  00000000 00000000 00000000 00000000
   000050  00000000 00000000 000A0000 00000018
   000060  000A0000 00000020 000A0000 00000028
   000070  000A0000 00000030 000A0000 00000038
   000080  00000000 00000000 00000000 00000000
   000090  00000000 00000000 00000000 00000000
   0000A0  00000000 00000000 00000000 00000000
   0000B0  00000000 00000000 00000000 00000000
   0000C0  00000000 00000000 00000000 00000000
   0000D0  00000000 00000000 00000000 00000000
   0000E0  00000000 00000000 00000000 00000000
   0000F0  00000000 00000000 00000000 00000000
   000100  00000000 00000000 00000000 00000000
   000110  00000000 00000000 00000000 00000000
   000120  00000000 00000000 00000000 00000000
   000130  00000000 00000000 00000000 00000000
   000140  00000000 00000000 00000000 00000000
   000150  00000000 00000000 00000000 00000000
   000160  00000000 00000000 00000000 00000000
   000170  00000000 00000000 00000000 00000000
   000180  00000000 00000000 00000000 00000000
   000190  00000000 00000000 00000000 00000000
   0001A0  00000000 00000000 00000000 00000000
   0001B0  00000000 00000000 00000000 00000000
   0001C0  00000000 00000000 00000000 00000000
   0001D0  00000000 00000000 00000000 00000000
   0001E0  00000000 00000000 00000000 00000000
   0001F0  00000000 00000000 00000000 00000000
FBA sector 3
   000000  05C0D207 0000C0B6 B722C086 4810C08E
   000010  9D001000 4740C06E 4720C072 4710C076
   000020  D2070048 C08A9C00 10004740 C06E4720
   000030  C0724710 C076D207 0078C0C6 8200C0BE
   000040  D2070078 C0CE4910 00BA4770 C07AD601
   000050  C0900044 9500C091 4770C07E 91F3C090
   000060  4770C082 910CC090 47E0C034 8200C0D6
   000070  8200C0DE 8200C0E6 8200C0EE 8200C0F6
   000080  8200C0FE 8200C106 80000000 00000398
   000090  000F0000 00000000 090003A0 00000017
   0000A0  C8859393 9640C281 998560D4 85A38193
   0000B0  40E69699 93845A00 000A0000 00010008
   0000C0  020A0000 00000000 00080000 00000340
   0000D0  000A0000 00000038 000A0000 00000000
   0000E0  000A0000 00030004 000A0000 00030008
   0000F0  000A0000 0003000C 000A0000 00030010
   000100  000A0000 00030014 000A0000 00030018
   000110  00000000 00000000 00000000 00000000
   000120  00000000 00000000 00000000 00000000
   000130  00000000 00000000 00000000 00000000
   000140  00000000 00000000 00000000 00000000
   000150  00000000 00000000 00000000 00000000
   000160  00000000 00000000 00000000 00000000
   000170  00000000 00000000 00000000 00000000
   000180  00000000 00000000 00000000 00000000
   000190  00000000 00000000 00000000 00000000
   0001A0  00000000 00000000 00000000 00000000
   0001B0  00000000 00000000 00000000 00000000
   0001C0  00000000 00000000 00000000 00000000
   0001D0  00000000 00000000 00000000 00000000
   0001E0  00000000 00000000 00000000 00000000
   0001F0  00000000 00000000 00000000 00000000
