iplasma.py Copyright (C) 2015-2020 Harold Grovesteen
iplasma.py - IPL HWM:  00036C
iplasma.py - Used HWM: 000370
iplasma.py - IPL PSW: 0008000000000300
Volume:  TYPE=3310 SECTORS=125664 LFS=False
Host:    FILE=64339968 (61.3MB)
Block:   LENGTH=0 SECTORS=0 BLOCKS=None
FBA DASD Map:
    IPL0: 0-0
    VOLLBL: 1-1
    IPLPGM1.bin: 2-2
3310 IPL: LDIPL
iplasma.py - IPL Record 1:
    000588  43000598 40000008 42000300 00000200
    000598  06000001 00000002
iplasma.py - IPL Record 0 - CCWs:
    000008  02000570 40000200 08000588 00000001
iplasma.py - IPL Record 0:
    000000  00080000 00000300 02000570 40000200
    000010  08000588 00000001
Memory Map:
    IPL0: 000000-000017
    PSW: 000000-000007
    CCW0: 000008-000017
    IPLPGM1.bin: 000300-00036C
    IPL1: 000588-00059F
iplasma.py - emulated medium pgm2.3310 created with file size: 1536
FBA sector 0
   000000  00080000 00000300 02000570 40000200
   000010  08000588 00000001 43000598 40000008
   000020  42000300 00000200 06000001 00000002
   000030  00000000 00000000 00000000 00000000
   000040  00000000 00000000 00000000 00000000
   000050  00000000 00000000 00000000 00000000
   000060  00000000 00000000 00000000 00000000
   000070  00000000 00000000 00000000 00000000
   000080  00000000 00000000 00000000 00000000
   000090  00000000 00000000 00000000 00000000
   0000A0  00000000 00000000 00000000 00000000
   0000B0  00000000 00000000 00000000 00000000
   0000C0  00000000 00000000 00000000 00000000
   0000D0  00000000 00000000 00000000 00000000
   0000E0  00000000 00000000 00000000 00000000
   0000F0  00000000 00000000 00000000 00000000
   000100  00000000 00000000 00000000 00000000
   000110  00000000 00000000 00000000 00000000
   000120  00000000 00000000 00000000 00000000
   000130  00000000 00000000 00000000 00000000
   000140  00000000 00000000 00000000 00000000
   000150  00000000 00000000 00000000 00000000
   000160  00000000 00000000 00000000 00000000
   000170  00000000 00000000 00000000 00000000
   000180  00000000 00000000 00000000 00000000
   000190  00000000 00000000 00000000 00000000
   0001A0  00000000 00000000 00000000 00000000
   0001B0  00000000 00000000 00000000 00000000
   0001C0  00000000 00000000 00000000 00000000
   0001D0  00000000 00000000 00000000 00000000
   0001E0  00000000 00000000 00000000 00000000
   0001F0  00000000 00000000 00000000 00000000
FBA sector 2
   000000  05C0D207 0068C026 988AC03E 838A0008
   000010  4770C01C 12AA4770 C01C8200 C02E8200
   000020  C0360000 00000000 000A0000 00000028
   000030  000A0000 00000000 000A0000 0000DEAD
   000040  00000350 00000000 0000001D 00000000
   000050  D4E2C740 5C40C885 93939640 C2819985
   000060  60D485A3 819340E6 96999384 5A000000
   000070  00000000 00000000 00000000 00000000
   000080  00000000 00000000 00000000 00000000
   000090  00000000 00000000 00000000 00000000
   0000A0  00000000 00000000 00000000 00000000
   0000B0  00000000 00000000 00000000 00000000
   0000C0  00000000 00000000 00000000 00000000
   0000D0  00000000 00000000 00000000 00000000
   0000E0  00000000 00000000 00000000 00000000
   0000F0  00000000 00000000 00000000 00000000
   000100  00000000 00000000 00000000 00000000
   000110  00000000 00000000 00000000 00000000
   000120  00000000 00000000 00000000 00000000
   000130  00000000 00000000 00000000 00000000
   000140  00000000 00000000 00000000 00000000
   000150  00000000 00000000 00000000 00000000
   000160  00000000 00000000 00000000 00000000
   000170  00000000 00000000 00000000 00000000
   000180  00000000 00000000 00000000 00000000
   000190  00000000 00000000 00000000 00000000
   0001A0  00000000 00000000 00000000 00000000
   0001B0  00000000 00000000 00000000 00000000
   0001C0  00000000 00000000 00000000 00000000
   0001D0  00000000 00000000 00000000 00000000
   0001E0  00000000 00000000 00000000 00000000
   0001F0  00000000 00000000 00000000 00000000
